0.4999999999999999
0.24999999999999994
0.24999999999999994
0.24999999999999994
0.24999999999999994
0.24999999999999994
-1.9626155733547187e-17
0.9999999999999998
0.0
0.24999999999999994
0.24999999999999994
0.24999999999999994
0.24999999999999994
0.24999999999999994
0.24999999999999994
-1.9626155733547187e-17
0.24999999999999994
0.4999999999999999
-1.9626155733547187e-17
0.24999999999999994
0.4999999999999999
0.24999999999999994
0.0
0.24999999999999994
0.24999999999999994
0.4999999999999999
0.24999999999999994
0.0
0.4999999999999999
0.4999999999999999
0.4999999999999999
0.4999999999999999
0.4999999999999999
0.24999999999999994
0.4999999999999999
0.4999999999999999
0.4999999999999999
0.24999999999999994
0.24999999999999994
0.24999999999999994
0.24999999999999994
0.9999999999999998
0.24999999999999994
0.4999999999999999
0.0
0.24999999999999994
0.4999999999999999
-4.622231866529366e-33
0.4999999999999999
-4.622231866529366e-33
0.0
0.0
0.24999999999999994
0.24999999999999994
0.24999999999999994
0.24999999999999994
0.24999999999999994
0.4999999999999999
0.0
0.4999999999999999
0.24999999999999994
0.4999999999999999
0.9999999999999998
0.24999999999999994
0.9999999999999998
0.4999999999999999
0.4999999999999999
0.24999999999999994
0.4999999999999999
0.4999999999999999
-4.622231866529366e-33
0.4999999999999999
0.24999999999999994
0.24999999999999994
0.24999999999999994
0.0
-4.622231866529366e-33
0.24999999999999994
0.24999999999999994
-4.622231866529366e-33
0.4999999999999999
-4.622231866529366e-33
0.24999999999999994
0.24999999999999994
-4.622231866529366e-33
-4.622231866529366e-33
0.9999999999999998
0.24999999999999994
0.24999999999999994
0.24999999999999994
0.0
0.24999999999999994
0.24999999999999994
0.24999999999999994
0.24999999999999994
-1.9626155733547187e-17
-1.9626155733547187e-17
0.24999999999999994
0.4999999999999999
0.4999999999999999
-1.9626155733547187e-17
0.24999999999999994
-4.622231866529366e-33
